3
0 1 1 1 0 1 1 1 0 30 30 1.000000 1.000000 1.000000 1.000000 1.000000 1.000000 1.000000 1.000000 1.000000 1.000000 1.000000 1.000000 1.000000 1.000000 0.501480 1.000000 1.000000 1.000000 0.664173 0.501480 1.000000 1.000000 0.800678 0.664173 0.501480 1.000000 1.000000 0.800678 0.664173 0.501480 
1.000000 1.000000 1.000000 1.000000 1.000000 1.000000 1.000000 1.000000 1.000000 1.000000 1.000000 1.000000 1.000000 1.000000 0.664173 1.000000 1.000000 1.000000 0.800678 0.664173 1.000000 1.000000 1.000000 0.800678 0.664173 1.000000 1.000000 1.000000 0.800678 0.664173 
1.000000 1.000000 1.000000 1.000000 1.000000 1.000000 1.000000 1.000000 1.000000 1.000000 1.000000 1.000000 1.000000 1.000000 0.800678 1.000000 1.000000 1.000000 1.000000 0.800678 1.000000 1.000000 1.000000 1.000000 0.800678 1.000000 1.000000 1.000000 1.000000 0.800678 
1.000000 1.000000 1.000000 1.000000 1.000000 1.000000 1.000000 1.000000 1.000000 1.000000 1.000000 1.000000 1.000000 1.000000 1.000000 1.000000 1.000000 1.000000 1.000000 1.000000 1.000000 1.000000 1.000000 1.000000 1.000000 1.000000 1.000000 1.000000 1.000000 1.000000 
1.000000 1.000000 1.000000 1.000000 1.000000 1.000000 1.000000 1.000000 1.000000 1.000000 1.000000 1.000000 1.000000 1.000000 1.000000 1.000000 1.000000 1.000000 1.000000 1.000000 1.000000 1.000000 1.000000 1.000000 1.000000 1.000000 1.000000 1.000000 1.000000 1.000000 
1.000000 1.000000 1.000000 1.000000 1.000000 1.000000 1.000000 1.000000 1.000000 1.000000 1.000000 1.000000 1.000000 1.000000 0.611727 1.000000 1.000000 1.000000 0.800678 0.664173 1.000000 1.000000 1.000000 0.837468 0.713601 1.000000 1.000000 1.000000 0.837468 0.713601 
1.000000 1.000000 1.000000 1.000000 1.000000 1.000000 1.000000 1.000000 1.000000 1.000000 1.000000 1.000000 1.000000 1.000000 0.759281 1.000000 1.000000 1.000000 1.000000 0.800678 1.000000 1.000000 1.000000 1.000000 0.837468 1.000000 1.000000 1.000000 1.000000 0.837468 
1.000000 1.000000 1.000000 1.000000 1.000000 1.000000 1.000000 1.000000 1.000000 1.000000 1.000000 1.000000 1.000000 1.000000 1.000000 1.000000 1.000000 1.000000 1.000000 1.000000 1.000000 1.000000 1.000000 1.000000 1.000000 1.000000 1.000000 1.000000 1.000000 1.000000 
1.000000 1.000000 1.000000 1.000000 1.000000 1.000000 1.000000 1.000000 1.000000 1.000000 1.000000 1.000000 1.000000 1.000000 1.000000 1.000000 1.000000 1.000000 1.000000 1.000000 1.000000 1.000000 1.000000 1.000000 1.000000 1.000000 1.000000 1.000000 1.000000 1.000000 
1.000000 1.000000 1.000000 1.000000 1.000000 1.000000 1.000000 1.000000 1.000000 1.000000 1.000000 1.000000 1.000000 1.000000 1.000000 1.000000 1.000000 1.000000 1.000000 1.000000 1.000000 1.000000 1.000000 1.000000 1.000000 1.000000 1.000000 1.000000 1.000000 1.000000 
1.000000 1.000000 1.000000 1.000000 1.000000 1.000000 1.000000 1.000000 1.000000 1.000000 1.000000 1.000000 1.000000 1.000000 0.081229 1.000000 1.000000 1.000000 0.837468 0.713601 1.000000 1.000000 1.000000 1.000000 0.759281 1.000000 1.000000 1.000000 1.000000 0.800678 
1.000000 1.000000 1.000000 1.000000 1.000000 1.000000 1.000000 1.000000 1.000000 1.000000 1.000000 1.000000 1.000000 1.000000 0.164363 1.000000 1.000000 1.000000 1.000000 0.837468 1.000000 1.000000 1.000000 1.000000 1.000000 1.000000 1.000000 1.000000 1.000000 1.000000 
1.000000 1.000000 1.000000 1.000000 1.000000 1.000000 1.000000 1.000000 1.000000 1.000000 1.000000 1.000000 1.000000 1.000000 0.288930 1.000000 1.000000 1.000000 1.000000 1.000000 1.000000 1.000000 1.000000 1.000000 1.000000 1.000000 1.000000 1.000000 1.000000 1.000000 
1.000000 1.000000 1.000000 1.000000 1.000000 1.000000 1.000000 1.000000 1.000000 1.000000 1.000000 1.000000 1.000000 1.000000 0.445774 1.000000 1.000000 1.000000 1.000000 1.000000 1.000000 1.000000 1.000000 1.000000 1.000000 1.000000 1.000000 1.000000 1.000000 1.000000 
1.000000 1.000000 1.000000 1.000000 1.000000 1.000000 1.000000 1.000000 1.000000 1.000000 1.000000 1.000000 1.000000 1.000000 0.611727 1.000000 1.000000 1.000000 1.000000 1.000000 1.000000 1.000000 1.000000 1.000000 1.000000 1.000000 1.000000 1.000000 1.000000 1.000000 
1.000000 1.000000 1.000000 1.000000 1.000000 1.000000 1.000000 1.000000 1.000000 1.000000 1.000000 1.000000 1.000000 1.000000 1.000000 1.000000 1.000000 1.000000 0.164363 0.081229 1.000000 1.000000 1.000000 1.000000 1.000000 1.000000 1.000000 1.000000 1.000000 1.000000 
1.000000 1.000000 1.000000 1.000000 1.000000 1.000000 1.000000 1.000000 1.000000 1.000000 1.000000 1.000000 1.000000 1.000000 1.000000 1.000000 1.000000 1.000000 0.288930 0.164363 1.000000 1.000000 1.000000 1.000000 1.000000 1.000000 1.000000 1.000000 1.000000 1.000000 
1.000000 1.000000 1.000000 1.000000 1.000000 1.000000 1.000000 1.000000 1.000000 1.000000 1.000000 1.000000 1.000000 1.000000 1.000000 1.000000 1.000000 1.000000 0.445774 0.288930 1.000000 1.000000 1.000000 1.000000 1.000000 1.000000 1.000000 1.000000 1.000000 1.000000 
1.000000 1.000000 1.000000 1.000000 1.000000 1.000000 1.000000 1.000000 1.000000 1.000000 1.000000 1.000000 1.000000 1.000000 1.000000 1.000000 1.000000 1.000000 0.611727 0.445774 1.000000 1.000000 1.000000 1.000000 1.000000 1.000000 1.000000 1.000000 1.000000 1.000000 
1.000000 1.000000 1.000000 1.000000 1.000000 1.000000 1.000000 1.000000 1.000000 1.000000 1.000000 1.000000 1.000000 1.000000 1.000000 1.000000 1.000000 1.000000 0.759281 0.611727 1.000000 1.000000 1.000000 1.000000 1.000000 1.000000 1.000000 1.000000 1.000000 1.000000 
1.000000 1.000000 1.000000 1.000000 1.000000 1.000000 1.000000 1.000000 1.000000 1.000000 1.000000 1.000000 1.000000 1.000000 1.000000 1.000000 1.000000 1.000000 1.000000 1.000000 1.000000 1.000000 0.288930 0.164363 0.081229 1.000000 1.000000 1.000000 1.000000 1.000000 
1.000000 1.000000 1.000000 1.000000 1.000000 1.000000 1.000000 1.000000 1.000000 1.000000 1.000000 1.000000 1.000000 1.000000 1.000000 1.000000 1.000000 1.000000 1.000000 1.000000 1.000000 1.000000 0.445774 0.288930 0.164363 1.000000 1.000000 1.000000 1.000000 1.000000 
1.000000 1.000000 1.000000 1.000000 1.000000 1.000000 1.000000 1.000000 1.000000 1.000000 1.000000 1.000000 1.000000 1.000000 1.000000 1.000000 1.000000 1.000000 1.000000 1.000000 1.000000 1.000000 0.611727 0.445774 0.288930 1.000000 1.000000 1.000000 1.000000 1.000000 
1.000000 1.000000 1.000000 1.000000 1.000000 1.000000 1.000000 1.000000 1.000000 1.000000 1.000000 1.000000 1.000000 1.000000 1.000000 1.000000 1.000000 1.000000 1.000000 1.000000 1.000000 1.000000 0.759281 0.611727 0.445774 1.000000 1.000000 1.000000 1.000000 1.000000 
1.000000 1.000000 1.000000 1.000000 1.000000 1.000000 1.000000 1.000000 1.000000 1.000000 1.000000 1.000000 1.000000 1.000000 1.000000 1.000000 1.000000 1.000000 1.000000 1.000000 1.000000 1.000000 1.000000 0.759281 0.611727 1.000000 1.000000 1.000000 1.000000 1.000000 
1.000000 1.000000 1.000000 1.000000 1.000000 1.000000 1.000000 1.000000 1.000000 1.000000 1.000000 1.000000 1.000000 1.000000 1.000000 1.000000 1.000000 1.000000 1.000000 1.000000 1.000000 1.000000 1.000000 1.000000 1.000000 1.000000 1.000000 0.288930 0.164363 0.081229 
1.000000 1.000000 1.000000 1.000000 1.000000 1.000000 1.000000 1.000000 1.000000 1.000000 1.000000 1.000000 1.000000 1.000000 1.000000 1.000000 1.000000 1.000000 1.000000 1.000000 1.000000 1.000000 1.000000 1.000000 1.000000 1.000000 1.000000 0.445774 0.288930 0.164363 
1.000000 1.000000 1.000000 1.000000 1.000000 1.000000 1.000000 1.000000 1.000000 1.000000 1.000000 1.000000 1.000000 1.000000 1.000000 1.000000 1.000000 1.000000 1.000000 1.000000 1.000000 1.000000 1.000000 1.000000 1.000000 1.000000 1.000000 0.611727 0.445774 0.288930 
1.000000 1.000000 1.000000 1.000000 1.000000 1.000000 1.000000 1.000000 1.000000 1.000000 1.000000 1.000000 1.000000 1.000000 1.000000 1.000000 1.000000 1.000000 1.000000 1.000000 1.000000 1.000000 1.000000 1.000000 1.000000 1.000000 1.000000 0.759281 0.611727 0.445774 
1.000000 1.000000 1.000000 1.000000 1.000000 1.000000 1.000000 1.000000 1.000000 1.000000 1.000000 1.000000 1.000000 1.000000 1.000000 1.000000 1.000000 1.000000 1.000000 1.000000 1.000000 1.000000 1.000000 1.000000 1.000000 1.000000 1.000000 1.000000 0.759281 0.611727 
30 30 1.000000 1.000000 1.000000 1.000000 0.008782 1.000000 1.000000 1.000000 0.243833 0.132598 1.000000 1.000000 0.446780 0.289800 0.164994 1.000000 0.612701 0.446780 0.289800 0.164994 0.760072 0.612701 0.446780 0.289800 0.164994 0.760072 0.612701 0.446780 0.289800 0.164994 
1.000000 1.000000 1.000000 1.000000 0.025319 1.000000 1.000000 1.000000 0.392097 0.243833 1.000000 1.000000 0.612701 0.446780 0.289800 1.000000 0.760072 0.612701 0.446780 0.289800 1.000000 0.760072 0.612701 0.446780 0.289800 1.000000 0.760072 0.612701 0.446780 0.289800 
1.000000 1.000000 1.000000 1.000000 0.062470 1.000000 1.000000 1.000000 0.558162 0.392097 1.000000 1.000000 0.760072 0.612701 0.446780 1.000000 1.000000 0.760072 0.612701 0.446780 1.000000 1.000000 0.760072 0.612701 0.446780 1.000000 1.000000 0.760072 0.612701 0.446780 
1.000000 1.000000 1.000000 1.000000 0.132598 1.000000 1.000000 1.000000 0.714466 0.558162 1.000000 1.000000 1.000000 0.760072 0.612701 1.000000 1.000000 1.000000 0.760072 0.612701 1.000000 1.000000 1.000000 0.760072 0.612701 1.000000 1.000000 1.000000 0.760072 0.612701 
1.000000 1.000000 1.000000 1.000000 0.243833 1.000000 1.000000 1.000000 0.838092 0.714466 1.000000 1.000000 1.000000 1.000000 0.760072 1.000000 1.000000 1.000000 1.000000 0.760072 1.000000 1.000000 1.000000 1.000000 0.760072 1.000000 1.000000 1.000000 1.000000 0.760072 
1.000000 1.000000 1.000000 1.000000 0.243833 1.000000 1.000000 1.000000 0.025319 0.008782 1.000000 1.000000 0.558162 0.392097 0.243833 1.000000 0.760072 0.612701 0.446780 0.289800 1.000000 0.801388 0.665100 0.502495 0.339468 1.000000 0.801388 0.665100 0.502495 0.339468 
1.000000 1.000000 1.000000 1.000000 0.392097 1.000000 1.000000 1.000000 0.062470 0.025319 1.000000 1.000000 0.714466 0.558162 0.392097 1.000000 1.000000 0.760072 0.612701 0.446780 1.000000 1.000000 0.801388 0.665100 0.502495 1.000000 1.000000 0.801388 0.665100 0.502495 
1.000000 1.000000 1.000000 1.000000 0.558162 1.000000 1.000000 1.000000 0.132598 0.062470 1.000000 1.000000 0.838092 0.714466 0.558162 1.000000 1.000000 1.000000 0.760072 0.612701 1.000000 1.000000 1.000000 0.801388 0.665100 1.000000 1.000000 1.000000 0.801388 0.665100 
1.000000 1.000000 1.000000 1.000000 0.714466 1.000000 1.000000 1.000000 0.243833 0.132598 1.000000 1.000000 1.000000 0.838092 0.714466 1.000000 1.000000 1.000000 1.000000 0.760072 1.000000 1.000000 1.000000 1.000000 0.801388 1.000000 1.000000 1.000000 1.000000 0.801388 
1.000000 1.000000 1.000000 1.000000 0.838092 1.000000 1.000000 1.000000 0.392097 0.243833 1.000000 1.000000 1.000000 1.000000 0.838092 1.000000 1.000000 1.000000 1.000000 1.000000 1.000000 1.000000 1.000000 1.000000 1.000000 1.000000 1.000000 1.000000 1.000000 1.000000 
1.000000 1.000000 1.000000 1.000000 0.446780 1.000000 1.000000 1.000000 0.502495 0.339468 1.000000 1.000000 0.062470 0.025319 0.008782 1.000000 0.801388 0.665100 0.502495 0.339468 1.000000 0.838092 0.714466 0.558162 0.392097 1.000000 1.000000 0.760072 0.612701 0.446780 
1.000000 1.000000 1.000000 1.000000 0.612701 1.000000 1.000000 1.000000 0.665100 0.502495 1.000000 1.000000 0.132598 0.062470 0.025319 1.000000 1.000000 0.801388 0.665100 0.502495 1.000000 1.000000 0.838092 0.714466 0.558162 1.000000 1.000000 1.000000 0.760072 0.612701 
1.000000 1.000000 1.000000 1.000000 0.760072 1.000000 1.000000 1.000000 0.801388 0.665100 1.000000 1.000000 0.243833 0.132598 0.062470 1.000000 1.000000 1.000000 0.801388 0.665100 1.000000 1.000000 1.000000 0.838092 0.714466 1.000000 1.000000 1.000000 1.000000 0.760072 
1.000000 1.000000 1.000000 1.000000 1.000000 1.000000 1.000000 1.000000 1.000000 0.801388 1.000000 1.000000 0.392097 0.243833 0.132598 1.000000 1.000000 1.000000 1.000000 0.801388 1.000000 1.000000 1.000000 1.000000 0.838092 1.000000 1.000000 1.000000 1.000000 1.000000 
1.000000 1.000000 1.000000 1.000000 1.000000 1.000000 1.000000 1.000000 1.000000 1.000000 1.000000 1.000000 0.558162 0.392097 0.243833 1.000000 1.000000 1.000000 1.000000 1.000000 1.000000 1.000000 1.000000 1.000000 1.000000 1.000000 1.000000 1.000000 1.000000 1.000000 
1.000000 1.000000 1.000000 1.000000 0.665100 1.000000 1.000000 1.000000 0.760072 0.612701 1.000000 1.000000 0.838092 0.714466 0.558162 1.000000 0.132598 0.062470 0.025319 0.008782 1.000000 1.000000 0.838092 0.714466 0.558162 1.000000 1.000000 1.000000 0.760072 0.612701 
1.000000 1.000000 1.000000 1.000000 0.801388 1.000000 1.000000 1.000000 1.000000 0.760072 1.000000 1.000000 1.000000 0.838092 0.714466 1.000000 0.243833 0.132598 0.062470 0.025319 1.000000 1.000000 1.000000 0.838092 0.714466 1.000000 1.000000 1.000000 1.000000 0.760072 
1.000000 1.000000 1.000000 1.000000 1.000000 1.000000 1.000000 1.000000 1.000000 1.000000 1.000000 1.000000 1.000000 1.000000 0.838092 1.000000 0.392097 0.243833 0.132598 0.062470 1.000000 1.000000 1.000000 1.000000 0.838092 1.000000 1.000000 1.000000 1.000000 1.000000 
1.000000 1.000000 1.000000 1.000000 1.000000 1.000000 1.000000 1.000000 1.000000 1.000000 1.000000 1.000000 1.000000 1.000000 1.000000 1.000000 0.558162 0.392097 0.243833 0.132598 1.000000 1.000000 1.000000 1.000000 1.000000 1.000000 1.000000 1.000000 1.000000 1.000000 
1.000000 1.000000 1.000000 1.000000 1.000000 1.000000 1.000000 1.000000 1.000000 1.000000 1.000000 1.000000 1.000000 1.000000 1.000000 1.000000 0.714466 0.558162 0.392097 0.243833 1.000000 1.000000 1.000000 1.000000 1.000000 1.000000 1.000000 1.000000 1.000000 1.000000 
1.000000 1.000000 1.000000 1.000000 0.801388 1.000000 1.000000 1.000000 1.000000 0.801388 1.000000 1.000000 1.000000 1.000000 0.760072 1.000000 1.000000 1.000000 0.838092 0.714466 0.243833 0.132598 0.062470 0.025319 0.008782 1.000000 1.000000 1.000000 0.838092 0.714466 
1.000000 1.000000 1.000000 1.000000 1.000000 1.000000 1.000000 1.000000 1.000000 1.000000 1.000000 1.000000 1.000000 1.000000 1.000000 1.000000 1.000000 1.000000 1.000000 0.838092 0.392097 0.243833 0.132598 0.062470 0.025319 1.000000 1.000000 1.000000 1.000000 0.838092 
1.000000 1.000000 1.000000 1.000000 1.000000 1.000000 1.000000 1.000000 1.000000 1.000000 1.000000 1.000000 1.000000 1.000000 1.000000 1.000000 1.000000 1.000000 1.000000 1.000000 0.558162 0.392097 0.243833 0.132598 0.062470 1.000000 1.000000 1.000000 1.000000 1.000000 
1.000000 1.000000 1.000000 1.000000 1.000000 1.000000 1.000000 1.000000 1.000000 1.000000 1.000000 1.000000 1.000000 1.000000 1.000000 1.000000 1.000000 1.000000 1.000000 1.000000 0.714466 0.558162 0.392097 0.243833 0.132598 1.000000 1.000000 1.000000 1.000000 1.000000 
1.000000 1.000000 1.000000 1.000000 1.000000 1.000000 1.000000 1.000000 1.000000 1.000000 1.000000 1.000000 1.000000 1.000000 1.000000 1.000000 1.000000 1.000000 1.000000 1.000000 0.838092 0.714466 0.558162 0.392097 0.243833 1.000000 1.000000 1.000000 1.000000 1.000000 
1.000000 1.000000 1.000000 1.000000 1.000000 1.000000 1.000000 1.000000 1.000000 1.000000 1.000000 1.000000 1.000000 1.000000 1.000000 1.000000 1.000000 1.000000 1.000000 1.000000 1.000000 1.000000 1.000000 1.000000 0.838092 0.243833 0.132598 0.062470 0.025319 0.008782 
1.000000 1.000000 1.000000 1.000000 1.000000 1.000000 1.000000 1.000000 1.000000 1.000000 1.000000 1.000000 1.000000 1.000000 1.000000 1.000000 1.000000 1.000000 1.000000 1.000000 1.000000 1.000000 1.000000 1.000000 1.000000 0.392097 0.243833 0.132598 0.062470 0.025319 
1.000000 1.000000 1.000000 1.000000 1.000000 1.000000 1.000000 1.000000 1.000000 1.000000 1.000000 1.000000 1.000000 1.000000 1.000000 1.000000 1.000000 1.000000 1.000000 1.000000 1.000000 1.000000 1.000000 1.000000 1.000000 0.558162 0.392097 0.243833 0.132598 0.062470 
1.000000 1.000000 1.000000 1.000000 1.000000 1.000000 1.000000 1.000000 1.000000 1.000000 1.000000 1.000000 1.000000 1.000000 1.000000 1.000000 1.000000 1.000000 1.000000 1.000000 1.000000 1.000000 1.000000 1.000000 1.000000 0.714466 0.558162 0.392097 0.243833 0.132598 
1.000000 1.000000 1.000000 1.000000 1.000000 1.000000 1.000000 1.000000 1.000000 1.000000 1.000000 1.000000 1.000000 1.000000 1.000000 1.000000 1.000000 1.000000 1.000000 1.000000 1.000000 1.000000 1.000000 1.000000 1.000000 0.838092 0.714466 0.558162 0.392097 0.243833 
30 30 1.000000 1.000000 1.000000 1.000000 1.000000 1.000000 1.000000 1.000000 1.000000 0.286399 1.000000 1.000000 1.000000 0.661462 0.498520 1.000000 1.000000 0.918771 0.835637 0.711070 1.000000 0.987363 0.965393 0.918771 0.835637 1.000000 0.996062 0.987363 0.965393 0.918771 
1.000000 1.000000 1.000000 1.000000 1.000000 1.000000 1.000000 1.000000 1.000000 0.442842 1.000000 1.000000 1.000000 0.798598 0.661462 1.000000 1.000000 0.965393 0.918771 0.835637 1.000000 0.996062 0.987363 0.965393 0.918771 1.000000 0.998956 0.996062 0.987363 0.965393 
1.000000 1.000000 1.000000 1.000000 1.000000 1.000000 1.000000 1.000000 1.000000 0.608880 1.000000 1.000000 1.000000 0.895586 0.798598 1.000000 1.000000 0.987363 0.965393 0.918771 1.000000 1.000000 0.996062 0.987363 0.965393 1.000000 1.000000 0.998956 0.996062 0.987363 
1.000000 1.000000 1.000000 1.000000 1.000000 1.000000 1.000000 1.000000 1.000000 0.756964 1.000000 1.000000 1.000000 0.953225 0.895586 1.000000 1.000000 1.000000 0.987363 0.965393 1.000000 1.000000 1.000000 0.996062 0.987363 1.000000 1.000000 1.000000 0.998956 0.996062 
1.000000 1.000000 1.000000 1.000000 1.000000 1.000000 1.000000 1.000000 1.000000 0.867947 1.000000 1.000000 1.000000 1.000000 0.953225 1.000000 1.000000 1.000000 1.000000 0.987363 1.000000 1.000000 1.000000 1.000000 0.996062 1.000000 1.000000 1.000000 1.000000 0.998956 
1.000000 1.000000 1.000000 1.000000 1.000000 1.000000 1.000000 1.000000 1.000000 0.012397 1.000000 1.000000 1.000000 0.554226 0.388273 1.000000 1.000000 0.895586 0.798598 0.661462 1.000000 0.987363 0.965393 0.918771 0.835637 1.000000 0.996062 0.987363 0.965393 0.918771 
1.000000 1.000000 1.000000 1.000000 1.000000 1.000000 1.000000 1.000000 1.000000 0.034043 1.000000 1.000000 1.000000 0.711070 0.554226 1.000000 1.000000 0.953225 0.895586 0.798598 1.000000 1.000000 0.987363 0.965393 0.918771 1.000000 1.000000 0.996062 0.987363 0.965393 
1.000000 1.000000 1.000000 1.000000 1.000000 1.000000 1.000000 1.000000 1.000000 0.080119 1.000000 1.000000 1.000000 0.835637 0.711070 1.000000 1.000000 1.000000 0.953225 0.895586 1.000000 1.000000 1.000000 0.987363 0.965393 1.000000 1.000000 1.000000 0.996062 0.987363 
1.000000 1.000000 1.000000 1.000000 1.000000 1.000000 1.000000 1.000000 1.000000 0.162532 1.000000 1.000000 1.000000 1.000000 0.835637 1.000000 1.000000 1.000000 1.000000 0.953225 1.000000 1.000000 1.000000 1.000000 0.987363 1.000000 1.000000 1.000000 1.000000 0.996062 
1.000000 1.000000 1.000000 1.000000 1.000000 1.000000 1.000000 1.000000 1.000000 0.286399 1.000000 1.000000 1.000000 1.000000 1.000000 1.000000 1.000000 1.000000 1.000000 1.000000 1.000000 1.000000 1.000000 1.000000 1.000000 1.000000 1.000000 1.000000 1.000000 1.000000 
1.000000 1.000000 1.000000 1.000000 1.000000 1.000000 1.000000 1.000000 1.000000 0.286399 1.000000 1.000000 1.000000 0.034043 0.012397 1.000000 1.000000 0.867947 0.756964 0.608880 1.000000 1.000000 0.953225 0.895586 0.798598 1.000000 1.000000 0.987363 0.965393 0.918771 
1.000000 1.000000 1.000000 1.000000 1.000000 1.000000 1.000000 1.000000 1.000000 0.442842 1.000000 1.000000 1.000000 0.080119 0.034043 1.000000 1.000000 0.937842 0.867947 0.756964 1.000000 1.000000 1.000000 0.953225 0.895586 1.000000 1.000000 1.000000 0.987363 0.965393 
1.000000 1.000000 1.000000 1.000000 1.000000 1.000000 1.000000 1.000000 1.000000 0.608880 1.000000 1.000000 1.000000 0.162532 0.080119 1.000000 1.000000 1.000000 0.937842 0.867947 1.000000 1.000000 1.000000 1.000000 0.953225 1.000000 1.000000 1.000000 1.000000 0.987363 
1.000000 1.000000 1.000000 1.000000 1.000000 1.000000 1.000000 1.000000 1.000000 0.756964 1.000000 1.000000 1.000000 0.286399 0.162532 1.000000 1.000000 1.000000 1.000000 0.937842 1.000000 1.000000 1.000000 1.000000 1.000000 1.000000 1.000000 1.000000 1.000000 1.000000 
1.000000 1.000000 1.000000 1.000000 1.000000 1.000000 1.000000 1.000000 1.000000 1.000000 1.000000 1.000000 1.000000 0.442842 0.286399 1.000000 1.000000 1.000000 1.000000 1.000000 1.000000 1.000000 1.000000 1.000000 1.000000 1.000000 1.000000 1.000000 1.000000 1.000000 
1.000000 1.000000 1.000000 1.000000 1.000000 1.000000 1.000000 1.000000 1.000000 0.335827 1.000000 1.000000 1.000000 0.554226 0.388273 1.000000 1.000000 0.080119 0.034043 0.012397 1.000000 1.000000 1.000000 0.867947 0.756964 1.000000 1.000000 1.000000 0.953225 0.895586 
1.000000 1.000000 1.000000 1.000000 1.000000 1.000000 1.000000 1.000000 1.000000 0.498520 1.000000 1.000000 1.000000 1.000000 0.554226 1.000000 1.000000 0.162532 0.080119 0.034043 1.000000 1.000000 1.000000 1.000000 0.867947 1.000000 1.000000 1.000000 1.000000 0.953225 
1.000000 1.000000 1.000000 1.000000 1.000000 1.000000 1.000000 1.000000 1.000000 1.000000 1.000000 1.000000 1.000000 1.000000 1.000000 1.000000 1.000000 0.286399 0.162532 0.080119 1.000000 1.000000 1.000000 1.000000 1.000000 1.000000 1.000000 1.000000 1.000000 1.000000 
1.000000 1.000000 1.000000 1.000000 1.000000 1.000000 1.000000 1.000000 1.000000 1.000000 1.000000 1.000000 1.000000 1.000000 1.000000 1.000000 1.000000 0.442842 0.286399 0.162532 1.000000 1.000000 1.000000 1.000000 1.000000 1.000000 1.000000 1.000000 1.000000 1.000000 
1.000000 1.000000 1.000000 1.000000 1.000000 1.000000 1.000000 1.000000 1.000000 1.000000 1.000000 1.000000 1.000000 1.000000 1.000000 1.000000 1.000000 0.608880 0.442842 0.286399 1.000000 1.000000 1.000000 1.000000 1.000000 1.000000 1.000000 1.000000 1.000000 1.000000 
1.000000 1.000000 1.000000 1.000000 1.000000 1.000000 1.000000 1.000000 1.000000 0.388273 1.000000 1.000000 1.000000 1.000000 0.442842 1.000000 1.000000 1.000000 1.000000 0.608880 1.000000 0.162532 0.080119 0.034043 0.012397 1.000000 1.000000 1.000000 1.000000 0.867947 
1.000000 1.000000 1.000000 1.000000 1.000000 1.000000 1.000000 1.000000 1.000000 1.000000 1.000000 1.000000 1.000000 1.000000 1.000000 1.000000 1.000000 1.000000 1.000000 1.000000 1.000000 0.286399 0.162532 0.080119 0.034043 1.000000 1.000000 1.000000 1.000000 1.000000 
1.000000 1.000000 1.000000 1.000000 1.000000 1.000000 1.000000 1.000000 1.000000 1.000000 1.000000 1.000000 1.000000 1.000000 1.000000 1.000000 1.000000 1.000000 1.000000 1.000000 1.000000 0.442842 0.286399 0.162532 0.080119 1.000000 1.000000 1.000000 1.000000 1.000000 
1.000000 1.000000 1.000000 1.000000 1.000000 1.000000 1.000000 1.000000 1.000000 1.000000 1.000000 1.000000 1.000000 1.000000 1.000000 1.000000 1.000000 1.000000 1.000000 1.000000 1.000000 0.608880 0.442842 0.286399 0.162532 1.000000 1.000000 1.000000 1.000000 1.000000 
1.000000 1.000000 1.000000 1.000000 1.000000 1.000000 1.000000 1.000000 1.000000 1.000000 1.000000 1.000000 1.000000 1.000000 1.000000 1.000000 1.000000 1.000000 1.000000 1.000000 1.000000 0.756964 0.608880 0.442842 0.286399 1.000000 1.000000 1.000000 1.000000 1.000000 
1.000000 1.000000 1.000000 1.000000 1.000000 1.000000 1.000000 1.000000 1.000000 1.000000 1.000000 1.000000 1.000000 1.000000 1.000000 1.000000 1.000000 1.000000 1.000000 1.000000 1.000000 1.000000 1.000000 1.000000 1.000000 1.000000 0.162532 0.080119 0.034043 0.012397 
1.000000 1.000000 1.000000 1.000000 1.000000 1.000000 1.000000 1.000000 1.000000 1.000000 1.000000 1.000000 1.000000 1.000000 1.000000 1.000000 1.000000 1.000000 1.000000 1.000000 1.000000 1.000000 1.000000 1.000000 1.000000 1.000000 0.286399 0.162532 0.080119 0.034043 
1.000000 1.000000 1.000000 1.000000 1.000000 1.000000 1.000000 1.000000 1.000000 1.000000 1.000000 1.000000 1.000000 1.000000 1.000000 1.000000 1.000000 1.000000 1.000000 1.000000 1.000000 1.000000 1.000000 1.000000 1.000000 1.000000 0.442842 0.286399 0.162532 0.080119 
1.000000 1.000000 1.000000 1.000000 1.000000 1.000000 1.000000 1.000000 1.000000 1.000000 1.000000 1.000000 1.000000 1.000000 1.000000 1.000000 1.000000 1.000000 1.000000 1.000000 1.000000 1.000000 1.000000 1.000000 1.000000 1.000000 0.608880 0.442842 0.286399 0.162532 
1.000000 1.000000 1.000000 1.000000 1.000000 1.000000 1.000000 1.000000 1.000000 1.000000 1.000000 1.000000 1.000000 1.000000 1.000000 1.000000 1.000000 1.000000 1.000000 1.000000 1.000000 1.000000 1.000000 1.000000 1.000000 1.000000 0.756964 0.608880 0.442842 0.286399 
30 30 1.000000 1.000000 1.000000 1.000000 0.002566 1.000000 1.000000 1.000000 0.131804 0.062015 1.000000 1.000000 0.288531 0.164074 0.081054 1.000000 0.445313 0.288531 0.164074 0.081054 0.611279 0.445313 0.288531 0.164074 0.081054 0.611279 0.445313 0.288531 0.164074 0.081054 
1.000000 1.000000 1.000000 1.000000 0.008694 1.000000 1.000000 1.000000 0.242671 0.131804 1.000000 1.000000 0.445313 0.288531 0.164074 1.000000 0.611279 0.445313 0.288531 0.164074 0.758917 0.611279 0.445313 0.288531 0.164074 0.758917 0.611279 0.445313 0.288531 0.164074 
1.000000 1.000000 1.000000 1.000000 0.025101 1.000000 1.000000 1.000000 0.390672 0.242671 1.000000 1.000000 0.611279 0.445313 0.288531 1.000000 0.758917 0.611279 0.445313 0.288531 1.000000 0.758917 0.611279 0.445313 0.288531 1.000000 0.758917 0.611279 0.445313 0.288531 
1.000000 1.000000 1.000000 1.000000 0.062015 1.000000 1.000000 1.000000 0.556697 0.390672 1.000000 1.000000 0.758917 0.611279 0.445313 1.000000 1.000000 0.758917 0.611279 0.445313 1.000000 1.000000 0.758917 0.611279 0.445313 1.000000 1.000000 0.758917 0.611279 0.445313 
1.000000 1.000000 1.000000 1.000000 0.131804 1.000000 1.000000 1.000000 0.713203 0.556697 1.000000 1.000000 1.000000 0.758917 0.611279 1.000000 1.000000 1.000000 0.758917 0.611279 1.000000 1.000000 1.000000 0.758917 0.611279 1.000000 1.000000 1.000000 0.758917 0.611279 
1.000000 1.000000 1.000000 1.000000 0.131804 1.000000 1.000000 1.000000 0.008694 0.002566 1.000000 1.000000 0.390672 0.242671 0.131804 1.000000 0.611279 0.445313 0.288531 0.164074 0.800352 0.663747 0.501015 0.338111 0.201073 0.800352 0.663747 0.501015 0.338111 0.201073 
1.000000 1.000000 1.000000 1.000000 0.242671 1.000000 1.000000 1.000000 0.025101 0.008694 1.000000 1.000000 0.556697 0.390672 0.242671 1.000000 0.758917 0.611279 0.445313 0.288531 1.000000 0.800352 0.663747 0.501015 0.338111 1.000000 0.800352 0.663747 0.501015 0.338111 
1.000000 1.000000 1.000000 1.000000 0.390672 1.000000 1.000000 1.000000 0.062015 0.025101 1.000000 1.000000 0.713203 0.556697 0.390672 1.000000 1.000000 0.758917 0.611279 0.445313 1.000000 1.000000 0.800352 0.663747 0.501015 1.000000 1.000000 0.800352 0.663747 0.501015 
1.000000 1.000000 1.000000 1.000000 0.556697 1.000000 1.000000 1.000000 0.131804 0.062015 1.000000 1.000000 0.837180 0.713203 0.556697 1.000000 1.000000 1.000000 0.758917 0.611279 1.000000 1.000000 1.000000 0.800352 0.663747 1.000000 1.000000 1.000000 0.800352 0.663747 
1.000000 1.000000 1.000000 1.000000 0.713203 1.000000 1.000000 1.000000 0.242671 0.131804 1.000000 1.000000 1.000000 0.837180 0.713203 1.000000 1.000000 1.000000 1.000000 0.758917 1.000000 1.000000 1.000000 1.000000 0.800352 1.000000 1.000000 1.000000 1.000000 0.800352 
1.000000 1.000000 1.000000 1.000000 0.288531 1.000000 1.000000 1.000000 0.338111 0.201073 1.000000 1.000000 0.025101 0.008694 0.002566 1.000000 0.663747 0.501015 0.338111 0.201073 0.837180 0.713203 0.556697 0.390672 0.242671 1.000000 0.758917 0.611279 0.445313 0.288531 
1.000000 1.000000 1.000000 1.000000 0.445313 1.000000 1.000000 1.000000 0.501015 0.338111 1.000000 1.000000 0.062015 0.025101 0.008694 1.000000 0.800352 0.663747 0.501015 0.338111 1.000000 0.837180 0.713203 0.556697 0.390672 1.000000 1.000000 0.758917 0.611279 0.445313 
1.000000 1.000000 1.000000 1.000000 0.611279 1.000000 1.000000 1.000000 0.663747 0.501015 1.000000 1.000000 0.131804 0.062015 0.025101 1.000000 1.000000 0.800352 0.663747 0.501015 1.000000 1.000000 0.837180 0.713203 0.556697 1.000000 1.000000 1.000000 0.758917 0.611279 
1.000000 1.000000 1.000000 1.000000 0.758917 1.000000 1.000000 1.000000 0.800352 0.663747 1.000000 1.000000 0.242671 0.131804 0.062015 1.000000 1.000000 1.000000 0.800352 0.663747 1.000000 1.000000 1.000000 0.837180 0.713203 1.000000 1.000000 1.000000 1.000000 0.758917 
1.000000 1.000000 1.000000 1.000000 1.000000 1.000000 1.000000 1.000000 1.000000 0.800352 1.000000 1.000000 0.390672 0.242671 0.131804 1.000000 1.000000 1.000000 1.000000 0.800352 1.000000 1.000000 1.000000 1.000000 0.837180 1.000000 1.000000 1.000000 1.000000 1.000000 
1.000000 1.000000 1.000000 1.000000 0.501015 1.000000 1.000000 1.000000 0.611279 0.445313 1.000000 1.000000 0.713203 0.556697 0.390672 1.000000 0.062015 0.025101 0.008694 0.002566 1.000000 0.837180 0.713203 0.556697 0.390672 1.000000 1.000000 0.758917 0.611279 0.445313 
1.000000 1.000000 1.000000 1.000000 0.663747 1.000000 1.000000 1.000000 0.758917 0.611279 1.000000 1.000000 0.837180 0.713203 0.556697 1.000000 0.131804 0.062015 0.025101 0.008694 1.000000 1.000000 0.837180 0.713203 0.556697 1.000000 1.000000 1.000000 0.758917 0.611279 
1.000000 1.000000 1.000000 1.000000 0.800352 1.000000 1.000000 1.000000 1.000000 0.758917 1.000000 1.000000 1.000000 0.837180 0.713203 1.000000 0.242671 0.131804 0.062015 0.025101 1.000000 1.000000 1.000000 0.837180 0.713203 1.000000 1.000000 1.000000 1.000000 0.758917 
1.000000 1.000000 1.000000 1.000000 1.000000 1.000000 1.000000 1.000000 1.000000 1.000000 1.000000 1.000000 1.000000 1.000000 0.837180 1.000000 0.390672 0.242671 0.131804 0.062015 1.000000 1.000000 1.000000 1.000000 0.837180 1.000000 1.000000 1.000000 1.000000 1.000000 
1.000000 1.000000 1.000000 1.000000 1.000000 1.000000 1.000000 1.000000 1.000000 1.000000 1.000000 1.000000 1.000000 1.000000 1.000000 1.000000 0.556697 0.390672 0.242671 0.131804 1.000000 1.000000 1.000000 1.000000 1.000000 1.000000 1.000000 1.000000 1.000000 1.000000 
1.000000 1.000000 1.000000 1.000000 0.663747 1.000000 1.000000 1.000000 0.800352 0.663747 1.000000 1.000000 1.000000 0.758917 0.611279 1.000000 1.000000 0.837180 0.713203 0.556697 0.131804 0.062015 0.025101 0.008694 0.002566 1.000000 1.000000 0.837180 0.713203 0.556697 
1.000000 1.000000 1.000000 1.000000 0.800352 1.000000 1.000000 1.000000 1.000000 0.800352 1.000000 1.000000 1.000000 1.000000 0.758917 1.000000 1.000000 1.000000 0.837180 0.713203 0.242671 0.131804 0.062015 0.025101 0.008694 1.000000 1.000000 1.000000 0.837180 0.713203 
1.000000 1.000000 1.000000 1.000000 1.000000 1.000000 1.000000 1.000000 1.000000 1.000000 1.000000 1.000000 1.000000 1.000000 1.000000 1.000000 1.000000 1.000000 1.000000 0.837180 0.390672 0.242671 0.131804 0.062015 0.025101 1.000000 1.000000 1.000000 1.000000 0.837180 
1.000000 1.000000 1.000000 1.000000 1.000000 1.000000 1.000000 1.000000 1.000000 1.000000 1.000000 1.000000 1.000000 1.000000 1.000000 1.000000 1.000000 1.000000 1.000000 1.000000 0.556697 0.390672 0.242671 0.131804 0.062015 1.000000 1.000000 1.000000 1.000000 1.000000 
1.000000 1.000000 1.000000 1.000000 1.000000 1.000000 1.000000 1.000000 1.000000 1.000000 1.000000 1.000000 1.000000 1.000000 1.000000 1.000000 1.000000 1.000000 1.000000 1.000000 0.713203 0.556697 0.390672 0.242671 0.131804 1.000000 1.000000 1.000000 1.000000 1.000000 
1.000000 1.000000 1.000000 1.000000 0.800352 1.000000 1.000000 1.000000 1.000000 0.800352 1.000000 1.000000 1.000000 1.000000 0.800352 1.000000 1.000000 1.000000 1.000000 0.758917 1.000000 1.000000 1.000000 0.837180 0.713203 0.131804 0.062015 0.025101 0.008694 0.002566 
1.000000 1.000000 1.000000 1.000000 1.000000 1.000000 1.000000 1.000000 1.000000 1.000000 1.000000 1.000000 1.000000 1.000000 1.000000 1.000000 1.000000 1.000000 1.000000 1.000000 1.000000 1.000000 1.000000 1.000000 0.837180 0.242671 0.131804 0.062015 0.025101 0.008694 
1.000000 1.000000 1.000000 1.000000 1.000000 1.000000 1.000000 1.000000 1.000000 1.000000 1.000000 1.000000 1.000000 1.000000 1.000000 1.000000 1.000000 1.000000 1.000000 1.000000 1.000000 1.000000 1.000000 1.000000 1.000000 0.390672 0.242671 0.131804 0.062015 0.025101 
1.000000 1.000000 1.000000 1.000000 1.000000 1.000000 1.000000 1.000000 1.000000 1.000000 1.000000 1.000000 1.000000 1.000000 1.000000 1.000000 1.000000 1.000000 1.000000 1.000000 1.000000 1.000000 1.000000 1.000000 1.000000 0.556697 0.390672 0.242671 0.131804 0.062015 
1.000000 1.000000 1.000000 1.000000 1.000000 1.000000 1.000000 1.000000 1.000000 1.000000 1.000000 1.000000 1.000000 1.000000 1.000000 1.000000 1.000000 1.000000 1.000000 1.000000 1.000000 1.000000 1.000000 1.000000 1.000000 0.713203 0.556697 0.390672 0.242671 0.131804 
30 30 1.000000 1.000000 1.000000 1.000000 1.000000 1.000000 1.000000 1.000000 1.000000 0.660532 1.000000 1.000000 1.000000 0.918387 0.835006 1.000000 1.000000 0.991218 0.974681 0.937530 1.000000 1.000000 0.997404 0.991218 0.974681 1.000000 1.000000 0.999348 0.997404 0.991218 
1.000000 1.000000 1.000000 1.000000 1.000000 1.000000 1.000000 1.000000 1.000000 0.797883 1.000000 1.000000 1.000000 0.965198 0.918387 1.000000 1.000000 1.000000 0.991218 0.974681 1.000000 1.000000 1.000000 0.997404 0.991218 1.000000 1.000000 1.000000 0.999348 0.997404 
1.000000 1.000000 1.000000 1.000000 1.000000 1.000000 1.000000 1.000000 1.000000 0.895124 1.000000 1.000000 1.000000 1.000000 0.965198 1.000000 1.000000 1.000000 1.000000 0.991218 1.000000 1.000000 1.000000 1.000000 0.997404 1.000000 1.000000 1.000000 1.000000 0.999348 
1.000000 1.000000 1.000000 1.000000 1.000000 1.000000 1.000000 1.000000 1.000000 1.000000 1.000000 1.000000 1.000000 1.000000 1.000000 1.000000 1.000000 1.000000 1.000000 1.000000 1.000000 1.000000 1.000000 1.000000 1.000000 1.000000 1.000000 1.000000 1.000000 1.000000 
1.000000 1.000000 1.000000 1.000000 1.000000 1.000000 1.000000 1.000000 1.000000 1.000000 1.000000 1.000000 1.000000 1.000000 1.000000 1.000000 1.000000 1.000000 1.000000 1.000000 1.000000 1.000000 1.000000 1.000000 1.000000 1.000000 1.000000 1.000000 1.000000 1.000000 
1.000000 1.000000 1.000000 1.000000 1.000000 1.000000 1.000000 1.000000 1.000000 0.102621 1.000000 1.000000 1.000000 0.867402 0.756167 1.000000 1.000000 1.000000 0.965198 0.918387 1.000000 1.000000 1.000000 1.000000 0.974681 1.000000 1.000000 1.000000 1.000000 0.991218 
1.000000 1.000000 1.000000 1.000000 1.000000 1.000000 1.000000 1.000000 1.000000 0.198612 1.000000 1.000000 1.000000 1.000000 0.867402 1.000000 1.000000 1.000000 1.000000 0.965198 1.000000 1.000000 1.000000 1.000000 1.000000 1.000000 1.000000 1.000000 1.000000 1.000000 
1.000000 1.000000 1.000000 1.000000 1.000000 1.000000 1.000000 1.000000 1.000000 0.334900 1.000000 1.000000 1.000000 1.000000 1.000000 1.000000 1.000000 1.000000 1.000000 1.000000 1.000000 1.000000 1.000000 1.000000 1.000000 1.000000 1.000000 1.000000 1.000000 1.000000 
1.000000 1.000000 1.000000 1.000000 1.000000 1.000000 1.000000 1.000000 1.000000 0.497505 1.000000 1.000000 1.000000 1.000000 1.000000 1.000000 1.000000 1.000000 1.000000 1.000000 1.000000 1.000000 1.000000 1.000000 1.000000 1.000000 1.000000 1.000000 1.000000 1.000000 
1.000000 1.000000 1.000000 1.000000 1.000000 1.000000 1.000000 1.000000 1.000000 0.660532 1.000000 1.000000 1.000000 1.000000 1.000000 1.000000 1.000000 1.000000 1.000000 1.000000 1.000000 1.000000 1.000000 1.000000 1.000000 1.000000 1.000000 1.000000 1.000000 1.000000 
1.000000 1.000000 1.000000 1.000000 1.000000 1.000000 1.000000 1.000000 1.000000 0.660532 1.000000 1.000000 1.000000 0.198612 0.102621 1.000000 1.000000 1.000000 1.000000 0.895124 1.000000 1.000000 1.000000 1.000000 0.965198 1.000000 1.000000 1.000000 1.000000 0.991218 
1.000000 1.000000 1.000000 1.000000 1.000000 1.000000 1.000000 1.000000 1.000000 1.000000 1.000000 1.000000 1.000000 0.334900 0.198612 1.000000 1.000000 1.000000 1.000000 1.000000 1.000000 1.000000 1.000000 1.000000 1.000000 1.000000 1.000000 1.000000 1.000000 1.000000 
1.000000 1.000000 1.000000 1.000000 1.000000 1.000000 1.000000 1.000000 1.000000 1.000000 1.000000 1.000000 1.000000 0.497505 0.334900 1.000000 1.000000 1.000000 1.000000 1.000000 1.000000 1.000000 1.000000 1.000000 1.000000 1.000000 1.000000 1.000000 1.000000 1.000000 
1.000000 1.000000 1.000000 1.000000 1.000000 1.000000 1.000000 1.000000 1.000000 1.000000 1.000000 1.000000 1.000000 0.660532 0.497505 1.000000 1.000000 1.000000 1.000000 1.000000 1.000000 1.000000 1.000000 1.000000 1.000000 1.000000 1.000000 1.000000 1.000000 1.000000 
1.000000 1.000000 1.000000 1.000000 1.000000 1.000000 1.000000 1.000000 1.000000 1.000000 1.000000 1.000000 1.000000 0.797883 0.660532 1.000000 1.000000 1.000000 1.000000 1.000000 1.000000 1.000000 1.000000 1.000000 1.000000 1.000000 1.000000 1.000000 1.000000 1.000000 
1.000000 1.000000 1.000000 1.000000 1.000000 1.000000 1.000000 1.000000 1.000000 1.000000 1.000000 1.000000 1.000000 1.000000 1.000000 1.000000 1.000000 0.334900 0.198612 0.102621 1.000000 1.000000 1.000000 1.000000 1.000000 1.000000 1.000000 1.000000 1.000000 1.000000 
1.000000 1.000000 1.000000 1.000000 1.000000 1.000000 1.000000 1.000000 1.000000 1.000000 1.000000 1.000000 1.000000 1.000000 1.000000 1.000000 1.000000 0.497505 0.334900 0.198612 1.000000 1.000000 1.000000 1.000000 1.000000 1.000000 1.000000 1.000000 1.000000 1.000000 
1.000000 1.000000 1.000000 1.000000 1.000000 1.000000 1.000000 1.000000 1.000000 1.000000 1.000000 1.000000 1.000000 1.000000 1.000000 1.000000 1.000000 0.660532 0.497505 0.334900 1.000000 1.000000 1.000000 1.000000 1.000000 1.000000 1.000000 1.000000 1.000000 1.000000 
1.000000 1.000000 1.000000 1.000000 1.000000 1.000000 1.000000 1.000000 1.000000 1.000000 1.000000 1.000000 1.000000 1.000000 1.000000 1.000000 1.000000 0.797883 0.660532 0.497505 1.000000 1.000000 1.000000 1.000000 1.000000 1.000000 1.000000 1.000000 1.000000 1.000000 
1.000000 1.000000 1.000000 1.000000 1.000000 1.000000 1.000000 1.000000 1.000000 1.000000 1.000000 1.000000 1.000000 1.000000 1.000000 1.000000 1.000000 1.000000 0.797883 0.660532 1.000000 1.000000 1.000000 1.000000 1.000000 1.000000 1.000000 1.000000 1.000000 1.000000 
1.000000 1.000000 1.000000 1.000000 1.000000 1.000000 1.000000 1.000000 1.000000 1.000000 1.000000 1.000000 1.000000 1.000000 1.000000 1.000000 1.000000 1.000000 1.000000 1.000000 1.000000 0.497505 0.334900 0.198612 0.102621 1.000000 1.000000 1.000000 1.000000 1.000000 
1.000000 1.000000 1.000000 1.000000 1.000000 1.000000 1.000000 1.000000 1.000000 1.000000 1.000000 1.000000 1.000000 1.000000 1.000000 1.000000 1.000000 1.000000 1.000000 1.000000 1.000000 0.660532 0.497505 0.334900 0.198612 1.000000 1.000000 1.000000 1.000000 1.000000 
1.000000 1.000000 1.000000 1.000000 1.000000 1.000000 1.000000 1.000000 1.000000 1.000000 1.000000 1.000000 1.000000 1.000000 1.000000 1.000000 1.000000 1.000000 1.000000 1.000000 1.000000 0.797883 0.660532 0.497505 0.334900 1.000000 1.000000 1.000000 1.000000 1.000000 
1.000000 1.000000 1.000000 1.000000 1.000000 1.000000 1.000000 1.000000 1.000000 1.000000 1.000000 1.000000 1.000000 1.000000 1.000000 1.000000 1.000000 1.000000 1.000000 1.000000 1.000000 1.000000 0.797883 0.660532 0.497505 1.000000 1.000000 1.000000 1.000000 1.000000 
1.000000 1.000000 1.000000 1.000000 1.000000 1.000000 1.000000 1.000000 1.000000 1.000000 1.000000 1.000000 1.000000 1.000000 1.000000 1.000000 1.000000 1.000000 1.000000 1.000000 1.000000 1.000000 1.000000 0.797883 0.660532 1.000000 1.000000 1.000000 1.000000 1.000000 
1.000000 1.000000 1.000000 1.000000 1.000000 1.000000 1.000000 1.000000 1.000000 1.000000 1.000000 1.000000 1.000000 1.000000 1.000000 1.000000 1.000000 1.000000 1.000000 1.000000 1.000000 1.000000 1.000000 1.000000 1.000000 1.000000 0.497505 0.334900 0.198612 0.102621 
1.000000 1.000000 1.000000 1.000000 1.000000 1.000000 1.000000 1.000000 1.000000 1.000000 1.000000 1.000000 1.000000 1.000000 1.000000 1.000000 1.000000 1.000000 1.000000 1.000000 1.000000 1.000000 1.000000 1.000000 1.000000 1.000000 0.660532 0.497505 0.334900 0.198612 
1.000000 1.000000 1.000000 1.000000 1.000000 1.000000 1.000000 1.000000 1.000000 1.000000 1.000000 1.000000 1.000000 1.000000 1.000000 1.000000 1.000000 1.000000 1.000000 1.000000 1.000000 1.000000 1.000000 1.000000 1.000000 1.000000 0.797883 0.660532 0.497505 0.334900 
1.000000 1.000000 1.000000 1.000000 1.000000 1.000000 1.000000 1.000000 1.000000 1.000000 1.000000 1.000000 1.000000 1.000000 1.000000 1.000000 1.000000 1.000000 1.000000 1.000000 1.000000 1.000000 1.000000 1.000000 1.000000 1.000000 1.000000 0.797883 0.660532 0.497505 
1.000000 1.000000 1.000000 1.000000 1.000000 1.000000 1.000000 1.000000 1.000000 1.000000 1.000000 1.000000 1.000000 1.000000 1.000000 1.000000 1.000000 1.000000 1.000000 1.000000 1.000000 1.000000 1.000000 1.000000 1.000000 1.000000 1.000000 1.000000 0.797883 0.660532 
30 30 1.000000 1.000000 1.000000 1.000000 1.000000 1.000000 1.000000 1.000000 1.000000 1.000000 1.000000 1.000000 1.000000 1.000000 0.918946 1.000000 1.000000 1.000000 0.991306 0.974899 1.000000 1.000000 1.000000 0.997434 0.991306 1.000000 1.000000 1.000000 0.999356 0.997434 
1.000000 1.000000 1.000000 1.000000 1.000000 1.000000 1.000000 1.000000 1.000000 1.000000 1.000000 1.000000 1.000000 1.000000 0.965482 1.000000 1.000000 1.000000 1.000000 0.991306 1.000000 1.000000 1.000000 1.000000 0.997434 1.000000 1.000000 1.000000 1.000000 0.999356 
1.000000 1.000000 1.000000 1.000000 1.000000 1.000000 1.000000 1.000000 1.000000 1.000000 1.000000 1.000000 1.000000 1.000000 1.000000 1.000000 1.000000 1.000000 1.000000 1.000000 1.000000 1.000000 1.000000 1.000000 1.000000 1.000000 1.000000 1.000000 1.000000 1.000000 
1.000000 1.000000 1.000000 1.000000 1.000000 1.000000 1.000000 1.000000 1.000000 1.000000 1.000000 1.000000 1.000000 1.000000 1.000000 1.000000 1.000000 1.000000 1.000000 1.000000 1.000000 1.000000 1.000000 1.000000 1.000000 1.000000 1.000000 1.000000 1.000000 1.000000 
1.000000 1.000000 1.000000 1.000000 1.000000 1.000000 1.000000 1.000000 1.000000 1.000000 1.000000 1.000000 1.000000 1.000000 1.000000 1.000000 1.000000 1.000000 1.000000 1.000000 1.000000 1.000000 1.000000 1.000000 1.000000 1.000000 1.000000 1.000000 1.000000 1.000000 
1.000000 1.000000 1.000000 1.000000 1.000000 1.000000 1.000000 1.000000 1.000000 1.000000 1.000000 1.000000 1.000000 1.000000 0.868196 1.000000 1.000000 1.000000 1.000000 0.965482 1.000000 1.000000 1.000000 1.000000 1.000000 1.000000 1.000000 1.000000 1.000000 1.000000 
1.000000 1.000000 1.000000 1.000000 1.000000 1.000000 1.000000 1.000000 1.000000 1.000000 1.000000 1.000000 1.000000 1.000000 1.000000 1.000000 1.000000 1.000000 1.000000 1.000000 1.000000 1.000000 1.000000 1.000000 1.000000 1.000000 1.000000 1.000000 1.000000 1.000000 
1.000000 1.000000 1.000000 1.000000 1.000000 1.000000 1.000000 1.000000 1.000000 1.000000 1.000000 1.000000 1.000000 1.000000 1.000000 1.000000 1.000000 1.000000 1.000000 1.000000 1.000000 1.000000 1.000000 1.000000 1.000000 1.000000 1.000000 1.000000 1.000000 1.000000 
1.000000 1.000000 1.000000 1.000000 1.000000 1.000000 1.000000 1.000000 1.000000 1.000000 1.000000 1.000000 1.000000 1.000000 1.000000 1.000000 1.000000 1.000000 1.000000 1.000000 1.000000 1.000000 1.000000 1.000000 1.000000 1.000000 1.000000 1.000000 1.000000 1.000000 
1.000000 1.000000 1.000000 1.000000 1.000000 1.000000 1.000000 1.000000 1.000000 1.000000 1.000000 1.000000 1.000000 1.000000 1.000000 1.000000 1.000000 1.000000 1.000000 1.000000 1.000000 1.000000 1.000000 1.000000 1.000000 1.000000 1.000000 1.000000 1.000000 1.000000 
1.000000 1.000000 1.000000 1.000000 1.000000 1.000000 1.000000 1.000000 1.000000 1.000000 1.000000 1.000000 1.000000 1.000000 0.199648 1.000000 1.000000 1.000000 1.000000 1.000000 1.000000 1.000000 1.000000 1.000000 1.000000 1.000000 1.000000 1.000000 1.000000 1.000000 
1.000000 1.000000 1.000000 1.000000 1.000000 1.000000 1.000000 1.000000 1.000000 1.000000 1.000000 1.000000 1.000000 1.000000 0.336253 1.000000 1.000000 1.000000 1.000000 1.000000 1.000000 1.000000 1.000000 1.000000 1.000000 1.000000 1.000000 1.000000 1.000000 1.000000 
1.000000 1.000000 1.000000 1.000000 1.000000 1.000000 1.000000 1.000000 1.000000 1.000000 1.000000 1.000000 1.000000 1.000000 0.498985 1.000000 1.000000 1.000000 1.000000 1.000000 1.000000 1.000000 1.000000 1.000000 1.000000 1.000000 1.000000 1.000000 1.000000 1.000000 
1.000000 1.000000 1.000000 1.000000 1.000000 1.000000 1.000000 1.000000 1.000000 1.000000 1.000000 1.000000 1.000000 1.000000 0.661889 1.000000 1.000000 1.000000 1.000000 1.000000 1.000000 1.000000 1.000000 1.000000 1.000000 1.000000 1.000000 1.000000 1.000000 1.000000 
1.000000 1.000000 1.000000 1.000000 1.000000 1.000000 1.000000 1.000000 1.000000 1.000000 1.000000 1.000000 1.000000 1.000000 0.798927 1.000000 1.000000 1.000000 1.000000 1.000000 1.000000 1.000000 1.000000 1.000000 1.000000 1.000000 1.000000 1.000000 1.000000 1.000000 
1.000000 1.000000 1.000000 1.000000 1.000000 1.000000 1.000000 1.000000 1.000000 1.000000 1.000000 1.000000 1.000000 1.000000 1.000000 1.000000 1.000000 1.000000 0.336253 0.199648 1.000000 1.000000 1.000000 1.000000 1.000000 1.000000 1.000000 1.000000 1.000000 1.000000 
1.000000 1.000000 1.000000 1.000000 1.000000 1.000000 1.000000 1.000000 1.000000 1.000000 1.000000 1.000000 1.000000 1.000000 1.000000 1.000000 1.000000 1.000000 0.498985 0.336253 1.000000 1.000000 1.000000 1.000000 1.000000 1.000000 1.000000 1.000000 1.000000 1.000000 
1.000000 1.000000 1.000000 1.000000 1.000000 1.000000 1.000000 1.000000 1.000000 1.000000 1.000000 1.000000 1.000000 1.000000 1.000000 1.000000 1.000000 1.000000 0.661889 0.498985 1.000000 1.000000 1.000000 1.000000 1.000000 1.000000 1.000000 1.000000 1.000000 1.000000 
1.000000 1.000000 1.000000 1.000000 1.000000 1.000000 1.000000 1.000000 1.000000 1.000000 1.000000 1.000000 1.000000 1.000000 1.000000 1.000000 1.000000 1.000000 0.798927 0.661889 1.000000 1.000000 1.000000 1.000000 1.000000 1.000000 1.000000 1.000000 1.000000 1.000000 
1.000000 1.000000 1.000000 1.000000 1.000000 1.000000 1.000000 1.000000 1.000000 1.000000 1.000000 1.000000 1.000000 1.000000 1.000000 1.000000 1.000000 1.000000 1.000000 0.798927 1.000000 1.000000 1.000000 1.000000 1.000000 1.000000 1.000000 1.000000 1.000000 1.000000 
1.000000 1.000000 1.000000 1.000000 1.000000 1.000000 1.000000 1.000000 1.000000 1.000000 1.000000 1.000000 1.000000 1.000000 1.000000 1.000000 1.000000 1.000000 1.000000 1.000000 1.000000 1.000000 0.498985 0.336253 0.199648 1.000000 1.000000 1.000000 1.000000 1.000000 
1.000000 1.000000 1.000000 1.000000 1.000000 1.000000 1.000000 1.000000 1.000000 1.000000 1.000000 1.000000 1.000000 1.000000 1.000000 1.000000 1.000000 1.000000 1.000000 1.000000 1.000000 1.000000 0.661889 0.498985 0.336253 1.000000 1.000000 1.000000 1.000000 1.000000 
1.000000 1.000000 1.000000 1.000000 1.000000 1.000000 1.000000 1.000000 1.000000 1.000000 1.000000 1.000000 1.000000 1.000000 1.000000 1.000000 1.000000 1.000000 1.000000 1.000000 1.000000 1.000000 0.798927 0.661889 0.498985 1.000000 1.000000 1.000000 1.000000 1.000000 
1.000000 1.000000 1.000000 1.000000 1.000000 1.000000 1.000000 1.000000 1.000000 1.000000 1.000000 1.000000 1.000000 1.000000 1.000000 1.000000 1.000000 1.000000 1.000000 1.000000 1.000000 1.000000 1.000000 0.798927 0.661889 1.000000 1.000000 1.000000 1.000000 1.000000 
1.000000 1.000000 1.000000 1.000000 1.000000 1.000000 1.000000 1.000000 1.000000 1.000000 1.000000 1.000000 1.000000 1.000000 1.000000 1.000000 1.000000 1.000000 1.000000 1.000000 1.000000 1.000000 1.000000 1.000000 0.798927 1.000000 1.000000 1.000000 1.000000 1.000000 
1.000000 1.000000 1.000000 1.000000 1.000000 1.000000 1.000000 1.000000 1.000000 1.000000 1.000000 1.000000 1.000000 1.000000 1.000000 1.000000 1.000000 1.000000 1.000000 1.000000 1.000000 1.000000 1.000000 1.000000 1.000000 1.000000 1.000000 0.498985 0.336253 0.199648 
1.000000 1.000000 1.000000 1.000000 1.000000 1.000000 1.000000 1.000000 1.000000 1.000000 1.000000 1.000000 1.000000 1.000000 1.000000 1.000000 1.000000 1.000000 1.000000 1.000000 1.000000 1.000000 1.000000 1.000000 1.000000 1.000000 1.000000 0.661889 0.498985 0.336253 
1.000000 1.000000 1.000000 1.000000 1.000000 1.000000 1.000000 1.000000 1.000000 1.000000 1.000000 1.000000 1.000000 1.000000 1.000000 1.000000 1.000000 1.000000 1.000000 1.000000 1.000000 1.000000 1.000000 1.000000 1.000000 1.000000 1.000000 0.798927 0.661889 0.498985 
1.000000 1.000000 1.000000 1.000000 1.000000 1.000000 1.000000 1.000000 1.000000 1.000000 1.000000 1.000000 1.000000 1.000000 1.000000 1.000000 1.000000 1.000000 1.000000 1.000000 1.000000 1.000000 1.000000 1.000000 1.000000 1.000000 1.000000 1.000000 0.798927 0.661889 
1.000000 1.000000 1.000000 1.000000 1.000000 1.000000 1.000000 1.000000 1.000000 1.000000 1.000000 1.000000 1.000000 1.000000 1.000000 1.000000 1.000000 1.000000 1.000000 1.000000 1.000000 1.000000 1.000000 1.000000 1.000000 1.000000 1.000000 1.000000 1.000000 0.798927 
